name,HP,스태미나,스태회복,스태소모,피해,화염,냉기,전격,스턴,방어,화방,냉방,전방,공속,이속,버티기,스턴회복,골드,소울,크기
playerBasic,500,100,50,0,0,0,0,0,0,0,0,0,0,0,9,15,3,10,10,1
,,,,,,,,,,,,,,,,,,,,
skeleton,300,100,50,1,75,0,0,0,10,0,0,0,0,2,5,20,5,10,10,1
skeletonArcher,300,100,50,1,75,0,0,0,10,0,0,0,0,2,5,20,5,10,10,1
skeletonWizard,300,100,50,1,0,75,0,0,10,0,0,0,0,2,5,20,5,10,10,1
hugeSkeleton,900,100,50,1,150,0,0,0,10,10,0,0,0,2,5,100,2,10,20,1
lich,3000,100,50,1,75,0,0,75,10,25,0,0,0,2,10,200,2,30,50,1
knightSkeleton,3000,100,50,1,150,0,0,0,10,25,0,0,0,2,10,200,2,10,10,1
blueKnightSkeleton,3000,100,50,1,150,0,0,0,10,25,0,0,0,2,10,200,2,10,10,1
ghost,1,100,50,1,0,25,25,25,20,0,0,0,0,2,10,20,5,0,10,1
,,,,,,,,,,,,,,,,,,,,
wolf,900,100,50,1,120,0,0,0,10,0,0,0.3,0,2,5,100,2,10,10,1
goblinHammer,450,100,50,1,75,,,,10,0,0,0.3,0,1,5,20,5,10,10,1
goblinArcher,300,100,50,1,0,,75,,10,0,0,0.3,0,1,5,20,5,10,10,1
goblinBomber,300,100,50,1,75,,,,10,0,0,0.3,0,1,5,20,5,10,10,1
goblinSneaky,300,100,50,1,75,,,,10,0,0,0.3,0,1,5,20,5,10,10,1
goblinCannon,900,100,50,1,150,,,,10,10,0,0.3,0,1,5,100,2,10,20,1
shieldGoblin,1500,250,50,1,150,,,,10,0,0,0.3,0,1,5,100,3,20,15,1
mageGoblin,1500,100,50,1,0,,150,,15,0,0,0.3,0,1,5,100,3,20,15,1
ninjaGoblin,1500,100,50,1,75,,,75,10,0,0,0.3,0,1,5,100,3,20,15,1
,,,,,,,,,,,,,,,,,,,,
lizardShield,800,100,50,1,150,,,,10,25,0.3,0,0,1,5,100,2,10,10,1
lizardMiddle,600,100,50,1,150,,,,10,10,0.3,0,0,1,5,50,3,10,10,1
lizardShaman,450,100,50,1,0,75,,,10,0,0.3,0,0,1,5,50,3,10,10,1
lizardBurned,300,100,50,1,0,125,,,10,0,1,-1,0,1,5,50,3,10,10,1
lavaWorm,600,100,50,1,75,75,,,10,0,0.3,-1,0,1,10,50,3,10,10,1
greatLavaWorm,4000,100,50,1,150,150,,,10,25,0.3,-0.5,0,1,15,200,2,30,50,1
,,,,,,,,,,,,,,,,,,,,
kingOfChess,2750,100,50,1,150,,,150,10,25,0,0,0.3,1,15,200,2,30,10,1
queenOfChess,2750,100,50,1,150,,,,10,25,0,0,0.3,1,15,200,2,30,10,1
pawnOfChess,2,100,50,1,75,75,,,10,0,0,0,0.3,1,0,200,5,2,2,1
,,,,,,,,,,,,,,,,,,,,
fireGargoyle,1000,100,50,1,0,50,0,0,10,0,0,0,0,2,3,100,2,10,10,1
arrow,1000,100,50,1,75,0,0,0,10,0,0,0,0,2,3,100,2,10,10,1
bomb,1000,100,50,1,0,200,0,0,102,0,0,0,0,2,3,100,2,10,10,1
igloo,900,100,50,1,0,50,50,50,10,25,-1,0.5,0,2,3,100,2,10,10,1
,,,,,,,,,,,,,,,,,,,,
basicDualSword0,,,,1,140,0,0,0,9,,,,,1,,,,300,,
basicDualSword1,,,,1,200,0,0,0,9,,,,,1,,,,300,,
basicDualSword2,,,,1,210,0,0,0,8,,,,,1.2,,,,300,,
basicDualSword3,,,,1,230,0,0,0,7,,,,,1.4,,,,300,,
basicGiantSword0,,,,1,140,0,0,0,15,,,,,1,,,,300,,
basicGiantSword1,,,,1,200,0,0,0,15,,,,,1,,,,300,,
basicGiantSword2,,,,1,280,0,0,0,15,,,,,1,,,,300,,
basicGiantSword3,,,,1,360,0,0,0,15,,,,,1,,,,300,,
basicHammer0,,,,1,140,0,0,0,19,,,,,1,,,,300,,
basicHammer1,,,,1,200,0,0,0,19,,,,,1,,,,300,,
basicHammer2,,,,1,280,0,0,0,22,,,,,1,,,,300,,
basicHammer3,,,,1,360,0,0,0,25,,,,,1,,,,300,,
basicJavelin0,,,,1,140,0,0,0,10,,,,,1,,,,300,,
basicJavelin1,,,,1,200,0,0,0,10,,,,,1,,,,300,,
basicJavelin2,,,,1,210,0,0,0,8,,,,,1.2,,,,300,,
basicJavelin3,,,,1,230,0,0,0,7,,,,,1.4,,,,300,,
leek1,,,,1,200,0,0,0,10,,,,,1,,,,300,,
leek2,,,,1,260,0,0,0,10,,,,,1,,,,300,,
leek3,,,,1,320,0,0,0,10,,,,,1,,,,300,,
guitar1,,,,1,200,0,0,0,10,,,,,1,,,,300,,
guitar2,,,,1,260,0,0,0,10,,,,,1,,,,300,,
guitar3,,,,1,320,0,0,0,10,,,,,1,,,,300,,
boxing1,,,,1,200,0,0,0,10,,,,,1,,,,300,,
boxing2,,,,1,210,0,0,0,8,,,,,1.2,,,,300,,
boxing3,,,,1,230,0,0,0,7,,,,,1.4,,,,300,,
frypan1,,,,1,200,200,0,0,15,,,,,1,,,,300,,
frypan2,,,,1,240,240,0,0,15,,,,,1,,,,300,,
frypan3,,,,1,290,290,0,0,15,,,,,1,,,,300,,
musket1,,,,1,200,0,0,0,10,,,,,1,,,,300,,
musket2,,,,1,280,0,0,0,10,,,,,1,,,,300,,
musket3,,,,1,360,0,0,0,10,,,,,1,,,,300,,
bow1,,,,1,200,0,0,0,10,,,,,1,,,,300,,
bow2,,,,1,280,0,0,0,10,,,,,1,,,,300,,
bow3,,,,1,360,0,0,0,10,,,,,1,,,,300,,
staff0,,,,1,140,0,0,0,10,,,,,1,,,,300,,
staff1,,,,1,200,0,0,0,10,,,,,1,,,,300,,
staff2,,,,1,280,0,0,0,10,,,,,1,,,,300,,
staff3,,,,1,360,0,0,0,10,,,,,1,,,,300,,
lance1,,,,1,200,0,0,0,10,,,,,1,,,,300,,
lance2,,,,1,280,0,0,0,10,,,,,1,,,,300,,
lance3,,,,1,360,0,0,0,10,,,,,1,,,,300,,
book1,,,,1,200,0,0,0,10,,,,,1,,,,300,,
book2,,,,1,200,0,0,0,10,,,,,1,,,,300,,
book3,,,,1,200,0,0,0,10,,,,,1,,,,300,,
whip1,,,,1,200,0,0,0,10,,,,,1,,,,300,,
whip2,,,,1,280,0,0,0,10,,,,,1,,,,300,,
whip3,,,,1,360,0,0,0,10,,,,,1,,,,300,,
switch1,,,,1,200,0,0,0,10,,,,,1,,,,300,,
switch2,,,,1,240,0,0,0,9,,,,,1.1,,,,300,,
switch3,,,,1,280,0,0,0,8,,,,,1.2,,,,300,,
fan1,,,,1,200,0,0,0,10,,,,,1,,,,300,,
fan2,,,,1,280,0,0,0,10,,,,,1,,,,300,,
fan3,,,,1,360,0,0,0,10,,,,,1,,,,300,,
crowbar1,,,,1,200,0,0,0,10,,,,,1,,,,300,,
crowbar2,,,,1,210,0,0,0,8,,,,,1.2,,,,300,,
crowbar3,,,,1,230,0,0,0,7,,,,,1.4,,,,300,,
tomahawk0,,,,1,140,0,0,0,10,,,,,1,,,,300,,
tomahawk1,,,,1,200,0,0,0,10,,,,,1,,,,300,,
tomahawk2,,,,1,250,0,0,0,9,,,,,1.1,,,,300,,
tomahawk3,,,,1,300,0,0,0,8,,,,,1.2,,,,300,,
glave1,,,,1,220,0,0,0,15,,,,,0.8,,,,300,,
glave2,,,,1,320,0,0,0,15,,,,,0.8,,,,300,,
glave3,,,,1,420,0,0,0,15,,,,,0.8,,,,300,,
goldDualSword0,,,,1,360,0,0,0,5,,,,,1.5,,,,300,,
goldJavelin0,,,,1,340,0,0,0,10,,,,,1.6,,,,300,,
goldGiantSword0,,,,1,360,0,0,0,15,,,,,1,,,,300,,
goldHammer0,,,,1,440,0,0,0,35,,,,,0.8,,,,300,,
katana1,,,,1,200,0,0,0,9,,,,,1,,,,300,,
katana2,,,,1,210,0,0,0,8,,,,,1.2,,,,300,,
katana3,,,,1,230,0,0,0,7,,,,,1.4,,,,300,,
flail1,,,,1,200,0,0,0,10,,,,,1,,,,300,,
flail2,,,,1,280,0,0,0,15,,,,,1,,,,300,,
flail3,,,,1,360,0,0,0,20,,,,,1,,,,300,,
